[[1.0, 0.8822988009620051, 0.8798870192539066, 0.8433526739431166, 0.8413884333420613, 0.8402678593491573, 0.8773870898091128, 0.8996199410428042], [0.8822988009620051, 1.0, 0.8739556362927524, 0.8403809996406303, 0.8377767078032736, 0.8428642807409846, 0.9041019371183648, 0.9021024529778575], [0.8798870192539066, 0.8739556362927524, 1.0, 0.846822035606351, 0.8437476468790488, 0.8450619974742936, 0.8711532301447477, 0.9012136581372525], [0.8433526739431166, 0.8403809996406303, 0.846822035606351, 1.0, 0.8781654542884045, 0.8335016195171945, 0.8429430335408871, 0.8727413778662028], [0.8413884333420613, 0.8377767078032736, 0.8437476468790488, 0.8781654542884045, 1.0, 0.8326963115317619, 0.8378458552147674, 0.8631686751833344], [0.8402678593491573, 0.8428642807409846, 0.8450619974742936, 0.8335016195171945, 0.8326963115317619, 1.0, 0.8439188607475431, 0.8633648214600004], [0.8773870898091128, 0.9041019371183648, 0.8711532301447477, 0.8429430335408871, 0.8378458552147674, 0.8439188607475431, 1.0, 0.8985822128462744], [0.8996199410428042, 0.9021024529778575, 0.9012136581372525, 0.8727413778662028, 0.8631686751833344, 0.8633648214600004, 0.8985822128462744, 1.0]]